1841 01 1841.042  2.570 -1.000 28
1841 02 1841.123  2.720 -1.000 28
1841 03 1841.204  2.821 -1.000 31
1841 04 1841.288  3.056 -1.000 30
1841 05 1841.371  4.759 -1.000 31
1841 06 1841.455  5.198 -1.000 30
1841 07 1841.538  2.600 -1.000 31
1841 08 1841.623  3.873 -1.000 31
1841 09 1841.707  3.366 -1.000 30
1841 10 1841.790  2.678 -1.000 31
1841 11 1841.874  1.749 -1.000 30
1841 12 1841.958  3.128 -1.000 29
1842 01 1842.042  1.791 -1.000 29
1842 02 1842.123  1.309 -1.000 28
1842 03 1842.204  1.734 -1.000 31
1842 04 1842.288  1.961 -1.000 30
1842 05 1842.371  1.368 -1.000 31
1842 06 1842.455  1.758 -1.000 30
1842 07 1842.538  1.066 -1.000 31
1842 08 1842.623  2.674 -1.000 31
1842 09 1842.707  1.975 -1.000 30
1842 10 1842.790  4.282 -1.000 31
1842 11 1842.874  3.624 -1.000 30
1842 12 1842.958  1.752 -1.000 29
1843 01 1843.042  0.834 -1.000 31
1843 02 1843.123  0.555 -1.000 28
1843 03 1843.204  0.717 -1.000 31
1843 04 1843.288  0.683 -1.000 30
1843 05 1843.371  1.100 -1.000 31
1843 06 1843.455  0.989 -1.000 30
1843 07 1843.538  0.690 -1.000 31
1843 08 1843.623  0.988 -1.000 31
1843 09 1843.707  0.287 -1.000 30
1843 10 1843.790  0.494 -1.000 31
1843 11 1843.874  1.713 -1.000 30
1843 12 1843.958  1.298 -1.000 19
1844 01 1844.042  1.129 -1.000 31
1844 02 1844.124  1.063 -1.000 29
1844 03 1844.206  1.331 -1.000 31
1844 04 1844.290  1.478 -1.000 30
1844 05 1844.373  1.180 -1.000 31
1844 06 1844.456  0.230 -1.000 30
1844 07 1844.540  1.570 -1.000 31
1844 08 1844.624  1.893 -1.000 31
1844 09 1844.708  0.485 -1.000 30
1844 10 1844.791  2.034 -1.000 31
1844 11 1844.874  0.665 -1.000 30
1844 12 1844.958  1.418 -1.000 29
1845 01 1845.042  2.528 -1.000 30
1845 02 1845.123  3.633 -1.000 28
1845 03 1845.204  3.420 -1.000 31
1845 04 1845.288  4.393 -1.000 30
1845 05 1845.371  4.260 -1.000 31
1845 06 1845.455  3.404 -1.000 30
1845 07 1845.538  3.071 -1.000 31
1845 08 1845.623  2.820 -1.000 31
1845 09 1845.707  2.954 -1.000 30
1845 10 1845.790  3.885 -1.000 31
1845 11 1845.874  3.764 -1.000 30
1845 12 1845.958  4.800 -1.000 31
1846 01 1846.042  4.805 -1.000 31
1846 02 1846.123  5.077 -1.000 28
1846 03 1846.204  4.848 -1.000 31
1846 04 1846.288  5.043 -1.000 30
1846 05 1846.371  5.047 -1.000 31
1846 06 1846.455  5.067 -1.000 30
1846 07 1846.538  3.541 -1.000 31
1846 08 1846.623  5.440 -1.000 31
1846 09 1846.707  9.792 -1.000 30
1846 10 1846.790  3.677 -1.000 31
1846 11 1846.874  4.792 -1.000 24
1846 12 1846.958  6.118 -1.000 19
1847 01 1847.042  4.038 -1.000 27
1847 02 1847.123  4.224 -1.000 19
1847 03 1847.204  7.103 -1.000 31
1847 04 1847.288  3.057 -1.000 30
1847 05 1847.371  4.965 -1.000 31
1847 06 1847.455  5.877 -1.000 30
1847 07 1847.538  3.419 -1.000 31
1847 08 1847.623  8.958 -1.000 31
1847 09 1847.707 12.396 -1.000 30
1847 10 1847.790 11.635 -1.000 31
1847 11 1847.874 10.988 -1.000 30
1847 12 1847.958 10.326 -1.000 30
1848 01 1848.042 14.740 -1.000 30
1848 02 1848.124 10.633 -1.000 29
1848 03 1848.206  9.316 -1.000 31
1848 04 1848.290  7.411 -1.000 30
1848 05 1848.373  9.012 -1.000 31
1848 06 1848.456 10.421 -1.000 30
1848 07 1848.540 11.555 -1.000 31
1848 08 1848.624 11.641 -1.000 31
1848 09 1848.708  8.122 -1.000 30
1848 10 1848.791 12.719 -1.000 31
1848 11 1848.874  9.965 -1.000 30
1848 12 1848.958 14.695 -1.000 31
1849 01 1849.042 17.168 -1.000 31
1849 02 1849.123 16.494 -1.000 28
1849 03 1849.204 10.664 -1.000 31
1849 04 1849.288 11.035 -1.000 30
1849 05 1849.371  8.028 -1.000 31
1849 06 1849.455  7.936 -1.000 30
1849 07 1849.538 10.303 -1.000 31
1849 08 1849.623  8.260 -1.000 31
1849 09 1849.707 10.984 -1.000 30
1849 10 1849.790  9.431 -1.000 31
1849 11 1849.874 11.586 -1.000 30
1849 12 1849.958 10.997 -1.000 29
1850 01 1850.042  9.083 -1.000 31
1850 02 1850.123  9.761 -1.000 28
1850 03 1850.204  8.971 -1.000 31
1850 04 1850.288  5.030 -1.000 30
1850 05 1850.371  7.279 -1.000 31
1850 06 1850.455  9.024 -1.000 30
1850 07 1850.538  5.014 -1.000 31
1850 08 1850.623  5.988 -1.000 31
1850 09 1850.707  8.536 -1.000 30
1850 10 1850.790  6.918 -1.000 31
1850 11 1850.874  5.573 -1.000 30
1850 12 1850.958  5.393 -1.000 31
1851 01 1851.042  8.256 -1.000 31
1851 02 1851.123 12.222 -1.000 28
1851 03 1851.204  7.557 -1.000 31
1851 04 1851.288  7.260 -1.000 30
1851 05 1851.371  7.911 -1.000 31
1851 06 1851.455  7.892 -1.000 30
1851 07 1851.538  4.872 -1.000 31
1851 08 1851.623  7.467 -1.000 31
1851 09 1851.707  8.720 -1.000 30
1851 10 1851.790  6.347 -1.000 31
1851 11 1851.874  6.323 -1.000 30
1851 12 1851.958  9.297 -1.000 31
1852 01 1852.042  8.438 -1.000 31
1852 02 1852.124  8.223 -1.000 29
1852 03 1852.206  8.040 -1.000 31
1852 04 1852.290  8.378 -1.000 30
1852 05 1852.373  7.221 -1.000 31
1852 06 1852.456  5.814 -1.000 30
1852 07 1852.540  5.028 -1.000 31
1852 08 1852.624  5.200 -1.000 31
1852 09 1852.708  5.208 -1.000 30
1852 10 1852.791  8.195 -1.000 31
1852 11 1852.874  6.336 -1.000 30
1852 12 1852.958  5.592 -1.000 31
1853 01 1853.042  5.503 -1.000 31
1853 02 1853.123  5.669 -1.000 28
1853 03 1853.204  5.062 -1.000 31
1853 04 1853.288  5.219 -1.000 30
1853 05 1853.371  3.832 -1.000 31
1853 06 1853.455  5.164 -1.000 30
1853 07 1853.538  5.404 -1.000 31
1853 08 1853.623  6.629 -1.000 31
1853 09 1853.707  4.613 -1.000 30
1853 10 1853.790  5.239 -1.000 31
1853 11 1853.874  3.725 -1.000 30
1853 12 1853.958  2.700 -1.000 31
1854 01 1854.042  1.662 -1.000 31
1854 02 1854.123  2.357 -1.000 28
1854 03 1854.204  2.290 -1.000 31
1854 04 1854.288  3.585 -1.000 30
1854 05 1854.371  2.727 -1.000 31
1854 06 1854.455  2.664 -1.000 30
1854 07 1854.538  2.254 -1.000 31
1854 08 1854.623  2.173 -1.000 31
1854 09 1854.707  2.632 -1.000 30
1854 10 1854.790  1.647 -1.000 31
1854 11 1854.874  2.881 -1.000 30
1854 12 1854.958  1.871 -1.000 31
1855 01 1855.042  1.108 -1.000 31
1855 02 1855.123  1.051 -1.000 28
1855 03 1855.204  1.735 -1.000 31
1855 04 1855.288  0.299 -1.000 30
1855 05 1855.371  1.138 -1.000 31
1855 06 1855.455  0.465 -1.000 30
1855 07 1855.538  0.000 -1.000 31
1855 08 1855.623  0.296 -1.000 31
1855 09 1855.707  0.011 -1.000 30
1855 10 1855.790  0.904 -1.000 31
1855 11 1855.874  0.213 -1.000 30
1855 12 1855.958  0.178 -1.000 31
1856 01 1856.042  0.000 -1.000 31
1856 02 1856.124  0.064 -1.000 29
1856 03 1856.206  0.000 -1.000 31
1856 04 1856.290  0.651 -1.000 30
1856 05 1856.373  0.000 -1.000 31
1856 06 1856.456  0.549 -1.000 30
1856 07 1856.540  0.593 -1.000 31
1856 08 1856.624  0.728 -1.000 31
1856 09 1856.708  0.490 -1.000 30
1856 10 1856.791  0.405 -1.000 31
1856 11 1856.874  0.821 -1.000 30
1856 12 1856.958  0.621 -1.000 31
1857 01 1857.042  1.149 -1.000 31
1857 02 1857.123  0.762 -1.000 28
1857 03 1857.204  0.283 -1.000 31
1857 04 1857.288  0.856 -1.000 30
1857 05 1857.371  3.129 -1.000 31
1857 06 1857.455  1.505 -1.000 30
1857 07 1857.538  2.196 -1.000 31
1857 08 1857.623  2.247 -1.000 31
1857 09 1857.707  4.403 -1.000 30
1857 10 1857.790  4.394 -1.000 31
1857 11 1857.874  3.654 -1.000 30
1857 12 1857.958  4.325 -1.000 31
1858 01 1858.042  4.207 -1.000 31
1858 02 1858.123  3.631 -1.000 28
1858 03 1858.204  6.670 -1.000 31
1858 04 1858.288  3.844 -1.000 30
1858 05 1858.371  4.754 -1.000 31
1858 06 1858.455  4.882 -1.000 30
1858 07 1858.538  6.580 -1.000 31
1858 08 1858.623  6.025 -1.000 31
1858 09 1858.707  9.099 -1.000 30
1858 10 1858.790  8.606 -1.000 31
1858 11 1858.874  4.760 -1.000 30
1858 12 1858.958  7.221 -1.000 28
1859 01 1859.042  9.183 -1.000 31
1859 02 1859.123  9.512 -1.000 28
1859 03 1859.204  9.096 -1.000 31
1859 04 1859.288  9.093 -1.000 30
1859 05 1859.371  9.711 -1.000 31
1859 06 1859.455 11.029 -1.000 30
1859 07 1859.538 11.741 -1.000 31
1859 08 1859.623 11.424 -1.000 31
1859 09 1859.707 10.777 -1.000 30
1859 10 1859.790 13.451 -1.000 31
1859 11 1859.874 11.710 -1.000 30
1859 12 1859.958 10.302 -1.000 31
1860 01 1860.042 10.327 -1.000 31
1860 02 1860.124  9.573 -1.000 29
1860 03 1860.206 12.279 -1.000 31
1860 04 1860.290  9.926 -1.000 30
1860 05 1860.373 13.318 -1.000 31
1860 06 1860.456 13.142 -1.000 30
1860 07 1860.540 14.275 -1.000 31
1860 08 1860.624 12.450 -1.000 31
1860 09 1860.708 12.849 -1.000 30
1860 10 1860.791 11.550 -1.000 31
1860 11 1860.874 12.331 -1.000 30
1860 12 1860.958 11.565 -1.000 31
1861 01 1861.042  8.300 -1.000 31
1861 02 1861.123 10.018 -1.000 28
1861 03 1861.204 12.446 -1.000 31
1861 04 1861.288 12.105 -1.000 30
1861 05 1861.371  7.662 -1.000 31
1861 06 1861.455 10.799 -1.000 30
1861 07 1861.538  9.688 -1.000 31
1861 08 1861.623 10.739 -1.000 31
1861 09 1861.707 10.226 -1.000 30
1861 10 1861.790  8.668 -1.000 31
1861 11 1861.874  6.701 -1.000 30
1861 12 1861.958 10.596 -1.000 31
1862 01 1862.042  6.693 -1.000 31
1862 02 1862.123  7.570 -1.000 28
1862 03 1862.204  6.079 -1.000 31
1862 04 1862.288  6.605 -1.000 30
1862 05 1862.371  7.808 -1.000 31
1862 06 1862.455  9.359 -1.000 30
1862 07 1862.538  7.664 -1.000 31
1862 08 1862.623  7.644 -1.000 31
1862 09 1862.707  7.168 -1.000 30
1862 10 1862.790  6.151 -1.000 31
1862 11 1862.874  5.925 -1.000 30
1862 12 1862.958  4.797 -1.000 31
1863 01 1863.042  5.419 -1.000 31
1863 02 1863.123  6.600 -1.000 28
1863 03 1863.204  8.358 -1.000 31
1863 04 1863.288  5.743 -1.000 30
1863 05 1863.371  7.457 -1.000 31
1863 06 1863.455  6.012 -1.000 30
1863 07 1863.538  4.669 -1.000 31
1863 08 1863.623  6.366 -1.000 31
1863 09 1863.707  2.956 -1.000 30
1863 10 1863.790  4.284 -1.000 31
1863 11 1863.874  4.852 -1.000 30
1863 12 1863.958  5.510 -1.000 31
1864 01 1864.042  5.899 -1.000 31
1864 02 1864.124  5.090 -1.000 29
1864 03 1864.206  8.045 -1.000 31
1864 04 1864.290  3.896 -1.000 30
1864 05 1864.373  4.180 -1.000 31
1864 06 1864.456  5.449 -1.000 30
1864 07 1864.540  4.797 -1.000 31
1864 08 1864.624  4.624 -1.000 31
1864 09 1864.708  3.382 -1.000 30
1864 10 1864.791  3.635 -1.000 31
1864 11 1864.874  5.522 -1.000 30
1864 12 1864.958  2.562 -1.000 31
1865 01 1865.042  4.614 -1.000 31
1865 02 1865.123  4.753 -1.000 28
1865 03 1865.204  3.712 -1.000 31
1865 04 1865.288  3.235 -1.000 30
1865 05 1865.371  3.455 -1.000 31
1865 06 1865.455  2.836 -1.000 30
1865 07 1865.538  2.847 -1.000 31
1865 08 1865.623  3.077 -1.000 31
1865 09 1865.707  1.919 -1.000 30
1865 10 1865.790  1.623 -1.000 31
1865 11 1865.874  2.701 -1.000 30
1865 12 1865.958  1.652 -1.000 31
1866 01 1866.042  3.035 -1.000 31
1866 02 1866.123  3.203 -1.000 28
1866 03 1866.204  3.072 -1.000 31
1866 04 1866.288  2.122 -1.000 30
1866 05 1866.371  1.565 -1.000 31
1866 06 1866.455  1.858 -1.000 30
1866 07 1866.538  1.429 -1.000 31
1866 08 1866.623  1.575 -1.000 31
1866 09 1866.707  1.030 -1.000 30
1866 10 1866.790  2.086 -1.000 31
1866 11 1866.874  1.382 -1.000 30
1866 12 1866.958  0.000 -1.000 31
1867 01 1867.042  0.022 -1.000 31
1867 02 1867.123  0.000 -1.000 28
1867 03 1867.204  0.962 -1.000 31
1867 04 1867.288  0.524 -1.000 30
1867 05 1867.371  0.506 -1.000 31
1867 06 1867.455  0.281 -1.000 30
1867 07 1867.538  0.678 -1.000 31
1867 08 1867.623  0.736 -1.000 31
1867 09 1867.707  0.853 -1.000 30
1867 10 1867.790  1.458 -1.000 31
1867 11 1867.874  1.314 -1.000 30
1867 12 1867.958  2.675 -1.000 31
1868 01 1868.042  1.276 -1.000 30
1868 02 1868.124  1.544 -1.000 29
1868 03 1868.206  2.390 -1.000 31
1868 04 1868.290  3.057 -1.000 30
1868 05 1868.373  2.780 -1.000 31
1868 06 1868.456  3.211 -1.000 30
1868 07 1868.540  2.664 -1.000 31
1868 08 1868.624  3.764 -1.000 31
1868 09 1868.708  5.250 -1.000 30
1868 10 1868.791  6.691 -1.000 31
1868 11 1868.874  7.017 -1.000 30
1868 12 1868.958  7.754 -1.000 31
1869 01 1869.042  7.445 -1.000 31
1869 02 1869.123  7.461 -1.000 28
1869 03 1869.204  6.930 -1.000 31
1869 04 1869.288  4.820 -1.000 30
1869 05 1869.371 10.013 -1.000 31
1869 06 1869.455 12.593 -1.000 30
1869 07 1869.538  7.471 -1.000 31
1869 08 1869.623  8.924 -1.000 31
1869 09 1869.707  8.525 -1.000 30
1869 10 1869.790  7.390 -1.000 31
1869 11 1869.874  8.460 -1.000 30
1869 12 1869.958 11.748 -1.000 31
1870 01 1870.042  8.254 -1.000 31
1870 02 1870.123 11.805 -1.000 28
1870 03 1870.204 13.656 -1.000 31
1870 04 1870.288 13.434 -1.000 30
1870 05 1870.371 16.943 -1.000 31
1870 06 1870.455 13.291 -1.000 30
1870 07 1870.538 14.441 -1.000 31
1870 08 1870.623 12.745 -1.000 31
1870 09 1870.707 11.099 -1.000 30
1870 10 1870.790 14.041 -1.000 31
1870 11 1870.874 14.469 -1.000 30
1870 12 1870.958 13.014 -1.000 31
1871 01 1871.042  9.092 -1.000 31
1871 02 1871.123 12.389 -1.000 28
1871 03 1871.204 13.777 -1.000 31
1871 04 1871.288 15.082 -1.000 30
1871 05 1871.371 14.690 -1.000 31
1871 06 1871.455 10.957 -1.000 30
1871 07 1871.538 10.505 -1.000 31
1871 08 1871.623  9.850 -1.000 31
1871 09 1871.707  8.743 -1.000 30
1871 10 1871.790  8.608 -1.000 31
1871 11 1871.874 10.962 -1.000 30
1871 12 1871.958  9.353 -1.000 31
1872 01 1872.042  7.994 -1.000 31
1872 02 1872.124 11.026 -1.000 29
1872 03 1872.206 10.045 -1.000 31
1872 04 1872.290 10.577 -1.000 30
1872 05 1872.373 11.989 -1.000 31
1872 06 1872.456 11.937 -1.000 30
1872 07 1872.540 11.676 -1.000 31
1872 08 1872.624 10.676 -1.000 31
1872 09 1872.708 11.730 -1.000 30
1872 10 1872.791 11.900 -1.000 31
1872 11 1872.874  9.849 -1.000 30
1872 12 1872.958  8.565 -1.000 31
1873 01 1873.042  8.463 -1.000 31
1873 02 1873.123  9.776 -1.000 28
1873 03 1873.204  9.793 -1.000 31
1873 04 1873.288  8.496 -1.000 30
1873 05 1873.371  4.933 -1.000 31
1873 06 1873.455  4.865 -1.000 30
1873 07 1873.538  6.615 -1.000 31
1873 08 1873.623  6.470 -1.000 31
1873 09 1873.707  5.690 -1.000 30
1873 10 1873.790  5.246 -1.000 31
1873 11 1873.874  5.486 -1.000 30
1873 12 1873.958  4.560 -1.000 31
1874 01 1874.042  5.343 -1.000 31
1874 02 1874.123  7.114 -1.000 28
1874 03 1874.204  4.275 -1.000 31
1874 04 1874.288  3.504 -1.000 30
1874 05 1874.371  3.856 -1.000 31
1874 06 1874.455  4.211 -1.000 30
1874 07 1874.538  6.361 -1.000 31
1874 08 1874.623  5.768 -1.000 31
1874 09 1874.707  3.572 -1.000 30
1874 10 1874.790  3.438 -1.000 31
1874 11 1874.874  2.535 -1.000 30
1874 12 1874.958  2.784 -1.000 31
1875 01 1875.042  2.087 -1.000 31
1875 02 1875.123  2.352 -1.000 28
1875 03 1875.204  3.773 -1.000 31
1875 04 1875.288  3.164 -1.000 30
1875 05 1875.371  1.371 -1.000 31
1875 06 1875.455  2.112 -1.000 30
1875 07 1875.538  1.507 -1.000 31
1875 08 1875.623  1.453 -1.000 31
1875 09 1875.707  0.837 -1.000 30
1875 10 1875.790  1.747 -1.000 31
1875 11 1875.874  1.919 -1.000 30
1875 12 1875.958  1.421 -1.000 31
1876 01 1876.042  1.589 -1.000 31
1876 02 1876.124  1.469 -1.000 29
1876 03 1876.206  2.870 -1.000 31
1876 04 1876.290  0.646 -1.000 30
1876 05 1876.373  0.651 -1.000 31
1876 06 1876.456  0.468 -1.000 30
1876 07 1876.540  1.815 -1.000 31
1876 08 1876.624  0.768 -1.000 31
1876 09 1876.708  0.958 -1.000 30
1876 10 1876.791  1.269 -1.000 31
1876 11 1876.874  1.284 -1.000 30
1876 12 1876.958  0.575 -1.000 31
1877 01 1877.042  1.794 -1.000 31
1877 02 1877.123  0.938 -1.000 28
1877 03 1877.204  1.180 -1.000 31
1877 04 1877.288  1.409 -1.000 30
1877 05 1877.371  1.995 -1.000 31
1877 06 1877.455  1.004 -1.000 30
1877 07 1877.538  0.450 -1.000 31
1877 08 1877.623  0.642 -1.000 31
1877 09 1877.707  1.541 -1.000 30
1877 10 1877.790  0.465 -1.000 31
1877 11 1877.874  1.239 -1.000 30
1877 12 1877.958  0.278 -1.000 31
1878 01 1878.042  0.293 -1.000 31
1878 02 1878.123  0.567 -1.000 28
1878 03 1878.204  0.768 -1.000 31
1878 04 1878.288  0.000 -1.000 30
1878 05 1878.371  0.484 -1.000 31
1878 06 1878.455  0.775 -1.000 30
1878 07 1878.538  0.008 -1.000 31
1878 08 1878.623  0.008 -1.000 31
1878 09 1878.707  0.639 -1.000 30
1878 10 1878.790  0.172 -1.000 31
1878 11 1878.874  0.505 -1.000 30
1878 12 1878.958  0.009 -1.000 31
1879 01 1879.042  0.085 -1.000 31
1879 02 1879.123  0.013 -1.000 28
1879 03 1879.204  0.000 -1.000 31
1879 04 1879.288  0.617 -1.000 30
1879 05 1879.371  0.299 -1.000 31
1879 06 1879.455  0.364 -1.000 30
1879 07 1879.538  0.840 -1.000 31
1879 08 1879.623  1.040 -1.000 31
1879 09 1879.707  0.810 -1.000 30
1879 10 1879.790  1.092 -1.000 31
1879 11 1879.874  1.131 -1.000 30
1879 12 1879.958  0.663 -1.000 31
1880 01 1880.042  2.547 -1.000 31
1880 02 1880.124  2.507 -1.000 29
1880 03 1880.206  1.938 -1.000 31
1880 04 1880.290  1.749 -1.000 30
1880 05 1880.373  1.976 -1.000 31
1880 06 1880.456  3.177 -1.000 30
1880 07 1880.540  2.369 -1.000 31
1880 08 1880.624  4.414 -1.000 31
1880 09 1880.708  6.377 -1.000 30
1880 10 1880.791  4.716 -1.000 31
1880 11 1880.874  3.002 -1.000 30
1880 12 1880.958  3.125 -1.000 31
1881 01 1881.042  4.107 -1.000 31
1881 02 1881.123  6.143 -1.000 28
1881 03 1881.204  5.303 -1.000 31
1881 04 1881.288  6.010 -1.000 30
1881 05 1881.371  4.858 -1.000 31
1881 06 1881.455  6.115 -1.000 30
1881 07 1881.538  8.149 -1.000 31
1881 08 1881.623  5.618 -1.000 31
1881 09 1881.707  5.356 -1.000 30
1881 10 1881.790  6.233 -1.000 31
1881 11 1881.874  5.291 -1.000 30
1881 12 1881.958  5.196 -1.000 31
1882 01 1882.042  5.141 -1.000 31
1882 02 1882.123  7.186 -1.000 28
1882 03 1882.204  7.049 -1.000 31
1882 04 1882.288  8.958 -1.000 30
1882 05 1882.371  5.834 -1.000 31
1882 06 1882.455  4.604 -1.000 30
1882 07 1882.538  4.868 -1.000 31
1882 08 1882.623  4.427 -1.000 31
1882 09 1882.707  5.331 -1.000 30
1882 10 1882.790  5.213 -1.000 31
1882 11 1882.874  8.382 -1.000 30
1882 12 1882.958  4.576 -1.000 31
1883 01 1883.042  6.245 -1.000 31
1883 02 1883.123  5.108 -1.000 28
1883 03 1883.204  4.781 -1.000 31
1883 04 1883.288  7.793 -1.000 30
1883 05 1883.371  4.140 -1.000 31
1883 06 1883.455  6.497 -1.000 30
1883 07 1883.538  7.683 -1.000 31
1883 08 1883.623  5.528 -1.000 31
1883 09 1883.707  6.012 -1.000 30
1883 10 1883.790  8.448 -1.000 31
1883 11 1883.874  9.612 -1.000 30
1883 12 1883.958  8.653 -1.000 31
1884 01 1884.042 10.553 -1.000 31
1884 02 1884.124 10.041 -1.000 29
1884 03 1884.206 10.065 -1.000 31
1884 04 1884.290  7.859 -1.000 30
1884 05 1884.373  8.409 -1.000 31
1884 06 1884.456  7.290 -1.000 30
1884 07 1884.540  6.296 -1.000 31
1884 08 1884.624  6.471 -1.000 31
1884 09 1884.708  7.355 -1.000 30
1884 10 1884.791  5.544 -1.000 31
1884 11 1884.874  4.432 -1.000 30
1884 12 1884.958  6.158 -1.000 31
1885 01 1885.042  5.396 -1.000 31
1885 02 1885.123  7.837 -1.000 28
1885 03 1885.204  4.667 -1.000 31
1885 04 1885.288  5.338 -1.000 30
1885 05 1885.371  8.741 -1.000 31
1885 06 1885.455  7.663 -1.000 30
1885 07 1885.538  6.649 -1.000 31
1885 08 1885.623  5.656 -1.000 31
1885 09 1885.707  4.908 -1.000 30
1885 10 1885.790  4.609 -1.000 31
1885 11 1885.874  3.825 -1.000 30
1885 12 1885.958  3.130 -1.000 31
1886 01 1886.042  2.714 -1.000 31
1886 02 1886.123  2.632 -1.000 28
1886 03 1886.204  5.588 -1.000 31
1886 04 1886.288  4.696 -1.000 30
1886 05 1886.371  2.958 -1.000 31
1886 06 1886.455  3.272 -1.000 30
1886 07 1886.538  3.112 -1.000 31
1886 08 1886.623  2.012 -1.000 31
1886 09 1886.707  2.569 -1.000 30
1886 10 1886.790  1.229 -1.000 31
1886 11 1886.874  0.000 -1.000 30
1886 12 1886.958  1.521 -1.000 31
1887 01 1887.042  1.361 -1.000 31
1887 02 1887.123  1.673 -1.000 28
1887 03 1887.204  0.772 -1.000 31
1887 04 1887.288  0.838 -1.000 30
1887 05 1887.371  2.219 -1.000 31
1887 06 1887.455  1.992 -1.000 30
1887 07 1887.538  2.663 -1.000 31
1887 08 1887.623  2.135 -1.000 31
1887 09 1887.707  0.784 -1.000 30
1887 10 1887.790  0.947 -1.000 31
1887 11 1887.874  0.804 -1.000 30
1887 12 1887.958  1.573 -1.000 31
1888 01 1888.042  1.983 -1.000 31
1888 02 1888.124  0.641 -1.000 29
1888 03 1888.206  0.846 -1.000 31
1888 04 1888.290  1.006 -1.000 30
1888 05 1888.373  0.592 -1.000 31
1888 06 1888.456  0.844 -1.000 30
1888 07 1888.540  0.515 -1.000 31
1888 08 1888.624  1.003 -1.000 31
1888 09 1888.708  1.443 -1.000 30
1888 10 1888.791  0.180 -1.000 31
1888 11 1888.874  1.253 -1.000 30
1888 12 1888.958  0.693 -1.000 31
1889 01 1889.042  0.023 -1.000 31
1889 02 1889.123  0.676 -1.000 28
1889 03 1889.204  0.779 -1.000 31
1889 04 1889.288  0.489 -1.000 30
1889 05 1889.371  0.227 -1.000 31
1889 06 1889.455  0.648 -1.000 30
1889 07 1889.538  1.313 -1.000 31
1889 08 1889.623  1.823 -1.000 31
1889 09 1889.707  0.794 -1.000 30
1889 10 1889.790  0.228 -1.000 31
1889 11 1889.874  0.003 -1.000 30
1889 12 1889.958  0.769 -1.000 31
1890 01 1890.042  0.672 -1.000 31
1890 02 1890.123  0.049 -1.000 28
1890 03 1890.204  0.482 -1.000 31
1890 04 1890.288  0.380 -1.000 30
1890 05 1890.371  0.931 -1.000 31
1890 06 1890.455  0.274 -1.000 30
1890 07 1890.538  1.428 -1.000 31
1890 08 1890.623  1.045 -1.000 31
1890 09 1890.707  2.109 -1.000 30
1890 10 1890.790  1.042 -1.000 31
1890 11 1890.874  0.831 -1.000 30
1890 12 1890.958  1.129 -1.000 31
1891 01 1891.042  1.841 -1.000 31
1891 02 1891.123  3.001 -1.000 28
1891 03 1891.204  1.887 -1.000 31
1891 04 1891.288  2.909 -1.000 30
1891 05 1891.371  5.569 -1.000 31
1891 06 1891.455  5.544 -1.000 30
1891 07 1891.538  5.484 -1.000 31
1891 08 1891.623  4.781 -1.000 31
1891 09 1891.707  5.804 -1.000 30
1891 10 1891.790  6.122 -1.000 31
1891 11 1891.874  5.027 -1.000 30
1891 12 1891.958  4.137 -1.000 31
1892 01 1892.042  7.740 -1.000 31
1892 02 1892.124  6.966 -1.000 29
1892 03 1892.206  5.572 -1.000 31
1892 04 1892.290  7.514 -1.000 30
1892 05 1892.373  7.911 -1.000 31
1892 06 1892.456  8.713 -1.000 30
1892 07 1892.540  7.361 -1.000 31
1892 08 1892.624  9.840 -1.000 31
1892 09 1892.708  7.260 -1.000 30
1892 10 1892.791  7.088 -1.000 31
1892 11 1892.874  6.140 -1.000 30
1892 12 1892.958  9.107 -1.000 31
1893 01 1893.042  7.493 -1.000 31
1893 02 1893.123  7.041 -1.000 28
1893 03 1893.204  7.638 -1.000 31
1893 04 1893.288 10.118 -1.000 30
1893 05 1893.371 10.821 -1.000 31
1893 06 1893.455  9.753 -1.000 30
1893 07 1893.538  9.781 -1.000 31
1893 08 1893.623 14.197 -1.000 31
1893 09 1893.707  8.523 -1.000 30
1893 10 1893.790 10.506 -1.000 31
1893 11 1893.874  8.680 -1.000 30
1893 12 1893.958 10.046 -1.000 31
1894 01 1894.042 10.927 -1.000 31
1894 02 1894.123 10.282 -1.000 28
1894 03 1894.204  6.883 -1.000 31
1894 04 1894.288  8.083 -1.000 30
1894 05 1894.371 10.058 -1.000 31
1894 06 1894.455 11.149 -1.000 30
1894 07 1894.538 11.649 -1.000 31
1894 08 1894.623  7.723 -1.000 31
1894 09 1894.707  8.216 -1.000 30
1894 10 1894.790  7.126 -1.000 31
1894 11 1894.874  7.479 -1.000 30
1894 12 1894.958  7.084 -1.000 31
1895 01 1895.042  7.099 -1.000 31
1895 02 1895.123  8.551 -1.000 28
1895 03 1895.204  6.915 -1.000 31
1895 04 1895.288  8.232 -1.000 30
1895 05 1895.371  6.970 -1.000 31
1895 06 1895.455  7.143 -1.000 30
1895 07 1895.538  5.948 -1.000 31
1895 08 1895.623  6.717 -1.000 31
1895 09 1895.707  6.453 -1.000 30
1895 10 1895.790  5.866 -1.000 31
1895 11 1895.874  5.520 -1.000 30
1895 12 1895.958  8.060 -1.000 31
1896 01 1896.042  4.000 -1.000 31
1896 02 1896.124  5.221 -1.000 29
1896 03 1896.206  4.951 -1.000 31
1896 04 1896.290  4.315 -1.000 30
1896 05 1896.373  2.660 -1.000 31
1896 06 1896.456  4.167 -1.000 30
1896 07 1896.540  4.629 -1.000 31
1896 08 1896.624  2.919 -1.000 31
1896 09 1896.708  4.283 -1.000 30
1896 10 1896.791  3.159 -1.000 31
1896 11 1896.874  4.025 -1.000 30
1896 12 1896.958  4.451 -1.000 31
1897 01 1897.042  4.295 -1.000 31
1897 02 1897.123  3.568 -1.000 28
1897 03 1897.204  3.719 -1.000 31
1897 04 1897.288  4.275 -1.000 30
1897 05 1897.371  2.236 -1.000 31
1897 06 1897.455  1.593 -1.000 30
1897 07 1897.538  3.631 -1.000 31
1897 08 1897.623  2.427 -1.000 31
1897 09 1897.707  4.991 -1.000 30
1897 10 1897.790  1.962 -1.000 31
1897 11 1897.874  0.980 -1.000 30
1897 12 1897.958  3.346 -1.000 31
1898 01 1898.042  3.706 -1.000 31
1898 02 1898.123  3.692 -1.000 28
1898 03 1898.204  2.956 -1.000 31
1898 04 1898.288  1.453 -1.000 30
1898 05 1898.371  2.830 -1.000 31
1898 06 1898.455  2.169 -1.000 30
1898 07 1898.538  0.990 -1.000 31
1898 08 1898.623  2.880 -1.000 31
1898 09 1898.707  2.488 -1.000 30
1898 10 1898.790  3.294 -1.000 31
1898 11 1898.874  3.075 -1.000 30
1898 12 1898.958  1.338 -1.000 31
1899 01 1899.042  2.126 -1.000 31
1899 02 1899.123  0.912 -1.000 28
1899 03 1899.204  1.502 -1.000 31
1899 04 1899.288  2.007 -1.000 30
1899 05 1899.371  0.897 -1.000 31
1899 06 1899.455  1.780 -1.000 30
1899 07 1899.538  1.661 -1.000 31
1899 08 1899.623  0.166 -1.000 31
1899 09 1899.707  0.590 -1.000 30
1899 10 1899.790  0.858 -1.000 31
1899 11 1899.874  0.857 -1.000 30
1899 12 1899.958  1.431 -1.000 31
1900 01 1900.042  1.033 -1.000 31
1900 02 1900.123  1.254 -1.000 28
1900 03 1900.204  0.722 -1.000 31
1900 04 1900.288  1.748 -1.000 30
1900 05 1900.371  1.317 -1.000 31
1900 06 1900.455  1.185 -1.000 30
1900 07 1900.538  0.792 -1.000 31
1900 08 1900.623  0.404 -1.000 31
1900 09 1900.707  0.837 -1.000 30
1900 10 1900.790  1.056 -1.000 31
1900 11 1900.874  0.515 -1.000 30
1900 12 1900.958  0.000 -1.000 31
1901 01 1901.042  0.000 -1.000 31
1901 02 1901.123  0.230 -1.000 28
1901 03 1901.204  0.447 -1.000 31
1901 04 1901.288  0.000 -1.000 30
1901 05 1901.371  0.549 -1.000 31
1901 06 1901.455  0.765 -1.000 30
1901 07 1901.538  0.079 -1.000 31
1901 08 1901.623  0.003 -1.000 31
1901 09 1901.707  0.009 -1.000 30
1901 10 1901.790  0.281 -1.000 31
1901 11 1901.874  0.514 -1.000 30
1901 12 1901.958  0.000 -1.000 31
1902 01 1902.042  0.463 -1.000 31
1902 02 1902.123  0.000 -1.000 28
1902 03 1902.204  0.646 -1.000 31
1902 04 1902.288  0.000 -1.000 30
1902 05 1902.371  0.412 -1.000 31
1902 06 1902.455  0.156 -1.000 30
1902 07 1902.538  0.061 -1.000 31
1902 08 1902.623  0.088 -1.000 31
1902 09 1902.707  0.675 -1.000 30
1902 10 1902.790  1.240 -1.000 31
1902 11 1902.874  0.492 -1.000 30
1902 12 1902.958  0.018 -1.000 31
1903 01 1903.042  0.652 -1.000 31
1903 02 1903.123  2.141 -1.000 28
1903 03 1903.204  1.236 -1.000 31
1903 04 1903.288  2.313 -1.000 30
1903 05 1903.371  1.548 -1.000 31
1903 06 1903.455  1.685 -1.000 30
1903 07 1903.538  2.708 -1.000 31
1903 08 1903.623  2.649 -1.000 31
1903 09 1903.707  1.115 -1.000 30
1903 10 1903.790  2.412 -1.000 31
1903 11 1903.874  3.354 -1.000 30
1903 12 1903.958  5.410 -1.000 31
1904 01 1904.042  3.089 -1.000 31
1904 02 1904.124  2.167 -1.000 29
1904 03 1904.206  4.197 -1.000 31
1904 04 1904.290  4.215 -1.000 30
1904 05 1904.373  4.603 -1.000 31
1904 06 1904.456  4.013 -1.000 30
1904 07 1904.540  4.702 -1.000 31
1904 08 1904.624  5.016 -1.000 31
1904 09 1904.708  3.012 -1.000 30
1904 10 1904.791  5.394 -1.000 31
1904 11 1904.874  4.440 -1.000 30
1904 12 1904.958  5.352 -1.000 31
1905 01 1905.042  5.639 -1.000 31
1905 02 1905.123  6.881 -1.000 28
1905 03 1905.204  4.097 -1.000 31
1905 04 1905.288  3.963 -1.000 30
1905 05 1905.371  4.343 -1.000 31
1905 06 1905.455  4.865 -1.000 30
1905 07 1905.538  5.477 -1.000 31
1905 08 1905.623  6.310 -1.000 31
1905 09 1905.707  6.195 -1.000 30
1905 10 1905.790  4.764 -1.000 31
1905 11 1905.874  8.940 -1.000 30
1905 12 1905.958  5.980 -1.000 31
1906 01 1906.042  4.705 -1.000 31
1906 02 1906.123  3.281 -1.000 28
1906 03 1906.204  6.330 -1.000 31
1906 04 1906.288  4.841 -1.000 30
1906 05 1906.371  4.912 -1.000 31
1906 06 1906.455  5.900 -1.000 30
1906 07 1906.538 10.107 -1.000 31
1906 08 1906.623  4.657 -1.000 31
1906 09 1906.707  5.591 -1.000 30
1906 10 1906.790  1.385 -1.000 31
1906 11 1906.874  3.732 -1.000 30
1906 12 1906.958  6.023 -1.000 31
1907 01 1907.042  7.066 -1.000 31
1907 02 1907.123  8.426 -1.000 28
1907 03 1907.204  6.296 -1.000 31
1907 04 1907.288  4.596 -1.000 30
1907 05 1907.371  3.739 -1.000 31
1907 06 1907.455  3.054 -1.000 30
1907 07 1907.538  4.039 -1.000 31
1907 08 1907.623  5.537 -1.000 31
1907 09 1907.707  7.696 -1.000 30
1907 10 1907.790  6.442 -1.000 31
1907 11 1907.874  5.441 -1.000 30
1907 12 1907.958  4.715 -1.000 31
1908 01 1908.042  4.821 -1.000 31
1908 02 1908.124  4.225 -1.000 29
1908 03 1908.206  3.685 -1.000 31
1908 04 1908.290  6.086 -1.000 30
1908 05 1908.373  5.018 -1.000 31
1908 06 1908.456  5.057 -1.000 30
1908 07 1908.540  4.509 -1.000 31
1908 08 1908.624  6.155 -1.000 31
1908 09 1908.708  7.081 -1.000 30
1908 10 1908.791  3.500 -1.000 31
1908 11 1908.874  4.211 -1.000 30
1908 12 1908.958  4.253 -1.000 31
1909 01 1909.042  5.609 -1.000 31
1909 02 1909.123  4.546 -1.000 28
1909 03 1909.204  5.344 -1.000 31
1909 04 1909.288  3.376 -1.000 30
1909 05 1909.371  3.087 -1.000 31
1909 06 1909.455  2.539 -1.000 30
1909 07 1909.538  3.328 -1.000 31
1909 08 1909.623  3.001 -1.000 31
1909 09 1909.707  3.072 -1.000 30
1909 10 1909.790  5.534 -1.000 31
1909 11 1909.874  5.322 -1.000 30
1909 12 1909.958  5.477 -1.000 31
1910 01 1910.042  3.499 -1.000 31
1910 02 1910.123  2.554 -1.000 28
1910 03 1910.204  2.305 -1.000 31
1910 04 1910.288  1.070 -1.000 30
1910 05 1910.371  2.738 -1.000 31
1910 06 1910.455  1.283 -1.000 30
1910 07 1910.538  1.591 -1.000 31
1910 08 1910.623  1.126 -1.000 31
1910 09 1910.707  2.557 -1.000 30
1910 10 1910.790  2.797 -1.000 31
1910 11 1910.874  0.453 -1.000 30
1910 12 1910.958  0.568 -1.000 31
1911 01 1911.042  0.494 -1.000 31
1911 02 1911.123  0.865 -1.000 28
1911 03 1911.204  0.841 -1.000 31
1911 04 1911.288  2.216 -1.000 30
1911 05 1911.371  1.344 -1.000 31
1911 06 1911.455  0.332 -1.000 30
1911 07 1911.538  0.254 -1.000 31
1911 08 1911.623  0.562 -1.000 31
1911 09 1911.707  0.476 -1.000 30
1911 10 1911.790  0.281 -1.000 31
1911 11 1911.874  0.570 -1.000 30
1911 12 1911.958  0.234 -1.000 31
1912 01 1912.042  0.000 -1.000 31
1912 02 1912.124  0.000 -1.000 29
1912 03 1912.206  0.546 -1.000 31
1912 04 1912.290  0.277 -1.000 30
1912 05 1912.373  0.293 -1.000 31
1912 06 1912.456  0.669 -1.000 30
1912 07 1912.540  0.274 -1.000 31
1912 08 1912.624  0.000 -1.000 31
1912 09 1912.708  0.882 -1.000 30
1912 10 1912.791  0.285 -1.000 31
1912 11 1912.874  0.004 -1.000 30
1912 12 1912.958  0.681 -1.000 31
1913 01 1913.042  0.135 -1.000 31
1913 02 1913.123  0.369 -1.000 28
1913 03 1913.204  0.000 -1.000 31
1913 04 1913.288  0.092 -1.000 30
1913 05 1913.371  0.000 -1.000 31
1913 06 1913.455  0.000 -1.000 30
1913 07 1913.538  0.225 -1.000 31
1913 08 1913.623  0.000 -1.000 31
1913 09 1913.707  0.038 -1.000 30
1913 10 1913.790  0.283 -1.000 31
1913 11 1913.874  0.000 -1.000 30
1913 12 1913.958  0.350 -1.000 31
1914 01 1914.042  0.261 -1.000 31
1914 02 1914.123  0.264 -1.000 28
1914 03 1914.204  0.265 -1.000 31
1914 04 1914.288  1.551 -1.000 30
1914 05 1914.371  0.456 -1.000 31
1914 06 1914.455  0.849 -1.000 30
1914 07 1914.538  0.553 -1.000 31
1914 08 1914.623  0.768 -1.000 31
1914 09 1914.707  1.846 -1.000 30
1914 10 1914.790  0.782 -1.000 31
1914 11 1914.874  1.961 -1.000 30
1914 12 1914.958  2.981 -1.000 31
1915 01 1915.042  2.400 -1.000 31
1915 02 1915.123  4.593 -1.000 28
1915 03 1915.204  4.643 -1.000 31
1915 04 1915.288  3.752 -1.000 30
1915 05 1915.371  3.444 -1.000 31
1915 06 1915.455  5.033 -1.000 30
1915 07 1915.538  5.838 -1.000 31
1915 08 1915.623  5.372 -1.000 31
1915 09 1915.707  4.678 -1.000 30
1915 10 1915.790  4.318 -1.000 31
1915 11 1915.874  4.070 -1.000 30
1915 12 1915.958  3.849 -1.000 31
1916 01 1916.042  4.835 -1.000 31
1916 02 1916.124  5.494 -1.000 29
1916 03 1916.206  5.617 -1.000 31
1916 04 1916.290  6.193 -1.000 30
1916 05 1916.373  6.991 -1.000 31
1916 06 1916.456  6.139 -1.000 30
1916 07 1916.540  5.629 -1.000 31
1916 08 1916.624  4.043 -1.000 31
1916 09 1916.708  4.827 -1.000 30
1916 10 1916.791  5.521 -1.000 31
1916 11 1916.874  6.547 -1.000 30
1916 12 1916.958  5.964 -1.000 31
1917 01 1917.042  7.807 -1.000 31
1917 02 1917.123  6.454 -1.000 28
1917 03 1917.204  8.785 -1.000 31
1917 04 1917.288  7.117 -1.000 30
1917 05 1917.371  9.748 -1.000 31
1917 06 1917.455 12.101 -1.000 30
1917 07 1917.538 10.864 -1.000 31
1917 08 1917.623 13.681 -1.000 31
1917 09 1917.707 11.497 -1.000 30
1917 10 1917.790  7.200 -1.000 31
1917 11 1917.874  8.847 -1.000 30
1917 12 1917.958 12.995 -1.000 31
1918 01 1918.042  9.265 -1.000 31
1918 02 1918.123  6.490 -1.000 28
1918 03 1918.204  6.989 -1.000 31
1918 04 1918.288  8.294 -1.000 30
1918 05 1918.371  7.673 -1.000 31
1918 06 1918.455  6.111 -1.000 30
1918 07 1918.538  9.821 -1.000 31
1918 08 1918.623  8.958 -1.000 31
1918 09 1918.707  7.343 -1.000 30
1918 10 1918.790  8.286 -1.000 31
1918 11 1918.874  8.509 -1.000 30
1918 12 1918.958  6.154 -1.000 31
1919 01 1919.042  4.878 -1.000 31
1919 02 1919.123  6.340 -1.000 28
1919 03 1919.204  6.341 -1.000 31
1919 04 1919.288  5.325 -1.000 30
1919 05 1919.371  7.326 -1.000 31
1919 06 1919.455 10.940 -1.000 30
1919 07 1919.538  7.712 -1.000 31
1919 08 1919.623  7.458 -1.000 31
1919 09 1919.707  5.790 -1.000 30
1919 10 1919.790  5.552 -1.000 31
1919 11 1919.874  4.177 -1.000 30
1919 12 1919.958  4.165 -1.000 31
1920 01 1920.042  3.594 -1.000 31
1920 02 1920.124  5.974 -1.000 29
1920 03 1920.206  4.813 -1.000 31
1920 04 1920.290  2.069 -1.000 30
1920 05 1920.373  4.399 -1.000 31
1920 06 1920.456  4.525 -1.000 30
1920 07 1920.540  3.504 -1.000 31
1920 08 1920.624  2.532 -1.000 31
1920 09 1920.708  2.691 -1.000 30
1920 10 1920.791  5.083 -1.000 31
1920 11 1920.874  2.867 -1.000 30
1920 12 1920.958  3.228 -1.000 31
1921 01 1921.042  3.053 -1.000 31
1921 02 1921.123  2.728 -1.000 28
1921 03 1921.204  2.837 -1.000 31
1921 04 1921.288  3.700 -1.000 30
1921 05 1921.371  1.589 -1.000 31
1921 06 1921.455  3.397 -1.000 30
1921 07 1921.538  3.793 -1.000 31
1921 08 1921.623  2.099 -1.000 31
1921 09 1921.707  1.753 -1.000 30
1921 10 1921.790  1.887 -1.000 31
1921 11 1921.874  1.846 -1.000 30
1921 12 1921.958  1.736 -1.000 31
1922 01 1922.042  1.434 -1.000 31
1922 02 1922.123  2.269 -1.000 28
1922 03 1922.204  3.946 -1.000 31
1922 04 1922.288  1.519 -1.000 30
1922 05 1922.371  0.766 -1.000 31
1922 06 1922.455  0.681 -1.000 30
1922 07 1922.538  1.137 -1.000 31
1922 08 1922.623  0.655 -1.000 31
1922 09 1922.707  0.635 -1.000 30
1922 10 1922.790  0.800 -1.000 31
1922 11 1922.874  0.869 -1.000 30
1922 12 1922.958  1.785 -1.000 31
1923 01 1923.042  0.373 -1.000 31
1923 02 1923.123  0.100 -1.000 28
1923 03 1923.204  0.273 -1.000 31
1923 04 1923.288  0.608 -1.000 30
1923 05 1923.371  0.414 -1.000 31
1923 06 1923.455  0.854 -1.000 30
1923 07 1923.538  0.404 -1.000 31
1923 08 1923.623  0.013 -1.000 31
1923 09 1923.707  1.388 -1.000 30
1923 10 1923.790  1.558 -1.000 31
1923 11 1923.874  0.842 -1.000 30
1923 12 1923.958  0.364 -1.000 31
1924 01 1924.042  0.000 -1.000 31
1924 02 1924.124  0.276 -1.000 29
1924 03 1924.206  0.214 -1.000 31
1924 04 1924.290  0.701 -1.000 30
1924 05 1924.373  2.128 -1.000 31
1924 06 1924.456  1.889 -1.000 30
1924 07 1924.540  2.953 -1.000 31
1924 08 1924.624  2.430 -1.000 31
1924 09 1924.708  2.334 -1.000 30
1924 10 1924.791  2.787 -1.000 31
1924 11 1924.874  1.537 -1.000 30
1924 12 1924.958  1.795 -1.000 31
1925 01 1925.042  0.413 -1.000 31
1925 02 1925.123  2.527 -1.000 28
1925 03 1925.204  1.450 -1.000 31
1925 04 1925.288  3.922 -1.000 30
1925 05 1925.371  4.246 -1.000 31
1925 06 1925.455  5.281 -1.000 30
1925 07 1925.538  4.202 -1.000 31
1925 08 1925.623  3.754 -1.000 31
1925 09 1925.707  6.783 -1.000 30
1925 10 1925.790  6.700 -1.000 31
1925 11 1925.874  4.479 -1.000 30
1925 12 1925.958  9.015 -1.000 31
1926 01 1926.042  6.980 -1.000 31
1926 02 1926.123  6.526 -1.000 28
1926 03 1926.204  6.160 -1.000 31
1926 04 1926.288  4.535 -1.000 30
1926 05 1926.371  5.881 -1.000 31
1926 06 1926.455  7.100 -1.000 30
1926 07 1926.538  5.126 -1.000 31
1926 08 1926.623  5.757 -1.000 31
1926 09 1926.707  5.639 -1.000 30
1926 10 1926.790  6.267 -1.000 31
1926 11 1926.874  6.303 -1.000 30
1926 12 1926.958  7.018 -1.000 31
1927 01 1927.042  6.850 -1.000 31
1927 02 1927.123  9.609 -1.000 28
1927 03 1927.204  7.574 -1.000 31
1927 04 1927.288  9.271 -1.000 30
1927 05 1927.371  8.017 -1.000 31
1927 06 1927.455  5.863 -1.000 30
1927 07 1927.538  5.351 -1.000 31
1927 08 1927.623  4.475 -1.000 31
1927 09 1927.707  6.674 -1.000 30
1927 10 1927.790  6.397 -1.000 31
1927 11 1927.874  5.772 -1.000 30
1927 12 1927.958  3.923 -1.000 31
1928 01 1928.042  7.112 -1.000 31
1928 02 1928.124  7.097 -1.000 29
1928 03 1928.206  7.341 -1.000 31
1928 04 1928.290  7.909 -1.000 30
1928 05 1928.373  5.927 -1.000 31
1928 06 1928.456  7.989 -1.000 30
1928 07 1928.540  8.096 -1.000 31
1928 08 1928.624  8.711 -1.000 31
1928 09 1928.708  6.784 -1.000 30
1928 10 1928.791  6.058 -1.000 31
1928 11 1928.874  5.510 -1.000 30
1928 12 1928.958  5.519 -1.000 31
1929 01 1929.042  5.597 -1.000 31
1929 02 1929.123  6.387 -1.000 28
1929 03 1929.204  4.380 -1.000 31
1929 04 1929.288  5.087 -1.000 30
1929 05 1929.371  5.943 -1.000 31
1929 06 1929.455  7.479 -1.000 30
1929 07 1929.538  7.317 -1.000 31
1929 08 1929.623  7.046 -1.000 31
1929 09 1929.707  4.406 -1.000 30
1929 10 1929.790  4.185 -1.000 31
1929 11 1929.874  6.676 -1.000 30
1929 12 1929.958 10.188 -1.000 31
1930 01 1930.042  6.793 -1.000 31
1930 02 1930.123  5.355 -1.000 28
1930 03 1930.204  3.397 -1.000 31
1930 04 1930.288  3.996 -1.000 30
1930 05 1930.371  3.592 -1.000 31
1930 06 1930.455  3.281 -1.000 30
1930 07 1930.538  2.787 -1.000 31
1930 08 1930.623  2.796 -1.000 31
1930 09 1930.707  3.734 -1.000 30
1930 10 1930.790  2.524 -1.000 31
1930 11 1930.874  3.219 -1.000 30
1930 12 1930.958  3.111 -1.000 31
1931 01 1931.042  1.547 -1.000 31
1931 02 1931.123  3.448 -1.000 28
1931 03 1931.204  2.879 -1.000 31
1931 04 1931.288  3.623 -1.000 30
1931 05 1931.371  2.585 -1.000 31
1931 06 1931.455  1.538 -1.000 30
1931 07 1931.538  2.155 -1.000 31
1931 08 1931.623  1.688 -1.000 31
1931 09 1931.707  2.285 -1.000 30
1931 10 1931.790  1.154 -1.000 31
1931 11 1931.874  1.657 -1.000 30
1931 12 1931.958  1.803 -1.000 31
1932 01 1932.042  1.519 -1.000 31
1932 02 1932.124  1.009 -1.000 29
1932 03 1932.206  1.198 -1.000 31
1932 04 1932.290  0.845 -1.000 30
1932 05 1932.373  2.032 -1.000 31
1932 06 1932.456  2.142 -1.000 30
1932 07 1932.540  1.081 -1.000 31
1932 08 1932.624  0.843 -1.000 31
1932 09 1932.708  0.483 -1.000 30
1932 10 1932.791  1.115 -1.000 31
1932 11 1932.874  0.547 -1.000 30
1932 12 1932.958  1.016 -1.000 31
1933 01 1933.042  1.321 -1.000 31
1933 02 1933.123  1.335 -1.000 28
1933 03 1933.204  0.986 -1.000 31
1933 04 1933.288  0.263 -1.000 30
1933 05 1933.371  0.369 -1.000 31
1933 06 1933.455  0.585 -1.000 30
1933 07 1933.538  0.367 -1.000 31
1933 08 1933.623  0.038 -1.000 31
1933 09 1933.707  0.530 -1.000 30
1933 10 1933.790  0.265 -1.000 31
1933 11 1933.874  0.035 -1.000 30
1933 12 1933.958  0.036 -1.000 31
1934 01 1934.042  0.361 -1.000 31
1934 02 1934.123  0.932 -1.000 28
1934 03 1934.204  0.500 -1.000 31
1934 04 1934.288  1.001 -1.000 30
1934 05 1934.371  1.550 -1.000 31
1934 06 1934.455  0.623 -1.000 30
1934 07 1934.538  1.175 -1.000 31
1934 08 1934.623  0.812 -1.000 31
1934 09 1934.707  0.503 -1.000 30
1934 10 1934.790  0.758 -1.000 31
1934 11 1934.874  0.868 -1.000 30
1934 12 1934.958  1.672 -1.000 31
1935 01 1935.042  1.950 -1.000 31
1935 02 1935.123  1.961 -1.000 28
1935 03 1935.204  2.380 -1.000 31
1935 04 1935.288  1.305 -1.000 30
1935 05 1935.371  2.899 -1.000 31
1935 06 1935.455  4.179 -1.000 30
1935 07 1935.538  3.161 -1.000 31
1935 08 1935.623  3.301 -1.000 31
1935 09 1935.707  4.532 -1.000 30
1935 10 1935.790  6.170 -1.000 31
1935 11 1935.874  5.609 -1.000 30
1935 12 1935.958  5.812 -1.000 31
1936 01 1936.042  5.478 -1.000 31
1936 02 1936.124  7.311 -1.000 29
1936 03 1936.206  6.950 -1.000 31
1936 04 1936.290  7.562 -1.000 30
1936 05 1936.373  5.986 -1.000 31
1936 06 1936.456  6.659 -1.000 30
1936 07 1936.540  5.048 -1.000 31
1936 08 1936.624  7.706 -1.000 31
1936 09 1936.708  7.348 -1.000 30
1936 10 1936.791  8.206 -1.000 31
1936 11 1936.874  9.519 -1.000 30
1936 12 1936.958 11.082 -1.000 31
1937 01 1937.042 11.922 -1.000 31
1937 02 1937.123 12.832 -1.000 28
1937 03 1937.204  8.652 -1.000 31
1937 04 1937.288  8.617 -1.000 30
1937 05 1937.371  9.971 -1.000 31
1937 06 1937.455 10.075 -1.000 30
1937 07 1937.538 11.606 -1.000 31
1937 08 1937.623 11.941 -1.000 31
1937 09 1937.707  9.699 -1.000 30
1937 10 1937.790  9.494 -1.000 31
1937 11 1937.874  7.961 -1.000 30
1937 12 1937.958  7.557 -1.000 31
1938 01 1938.042  8.019 -1.000 31
1938 02 1938.123  9.193 -1.000 28
1938 03 1938.204  7.182 -1.000 31
1938 04 1938.288  8.732 -1.000 30
1938 05 1938.371 11.508 -1.000 31
1938 06 1938.455  9.093 -1.000 30
1938 07 1938.538 12.724 -1.000 31
1938 08 1938.623 11.638 -1.000 31
1938 09 1938.707  7.923 -1.000 30
1938 10 1938.790  8.800 -1.000 31
1938 11 1938.874  9.769 -1.000 30
1938 12 1938.958  8.791 -1.000 31
1939 01 1939.042  8.529 -1.000 31
1939 02 1939.123  7.760 -1.000 28
1939 03 1939.204  6.381 -1.000 31
1939 04 1939.288 10.298 -1.000 30
1939 05 1939.371 11.428 -1.000 31
1939 06 1939.455  9.907 -1.000 30
1939 07 1939.538  7.479 -1.000 31
1939 08 1939.623  8.210 -1.000 31
1939 09 1939.707  8.445 -1.000 30
1939 10 1939.790  7.732 -1.000 31
1939 11 1939.874  6.095 -1.000 30
1939 12 1939.958  4.958 -1.000 31
1940 01 1940.042  4.129 -1.000 31
1940 02 1940.124  5.306 -1.000 29
1940 03 1940.206  7.264 -1.000 31
1940 04 1940.290  6.302 -1.000 30
1940 05 1940.373  4.937 -1.000 31
1940 06 1940.456  7.030 -1.000 30
1940 07 1940.540  6.337 -1.000 31
1940 08 1940.624  7.675 -1.000 31
1940 09 1940.708  5.462 -1.000 30
1940 10 1940.791  4.785 -1.000 31
1940 11 1940.874  5.829 -1.000 30
1940 12 1940.958  6.650 -1.000 31
1941 01 1941.042  4.455 -1.000 31
1941 02 1941.123  4.568 -1.000 28
1941 03 1941.204  4.605 -1.000 31
1941 04 1941.288  3.171 -1.000 30
1941 05 1941.371  3.082 -1.000 31
1941 06 1941.455  4.765 -1.000 30
1941 07 1941.538  5.221 -1.000 31
1941 08 1941.623  5.300 -1.000 31
1941 09 1941.707  4.785 -1.000 30
1941 10 1941.790  3.752 -1.000 31
1941 11 1941.874  3.089 -1.000 30
1941 12 1941.958  3.287 -1.000 31
1942 01 1942.042  3.394 -1.000 31
1942 02 1942.123  4.376 -1.000 28
1942 03 1942.204  4.112 -1.000 31
1942 04 1942.288  5.223 -1.000 30
1942 05 1942.371  2.609 -1.000 31
1942 06 1942.455  1.155 -1.000 30
1942 07 1942.538  1.515 -1.000 31
1942 08 1942.623  2.045 -1.000 31
1942 09 1942.707  1.830 -1.000 30
1942 10 1942.790  1.884 -1.000 31
1942 11 1942.874  2.570 -1.000 30
1942 12 1942.958  2.357 -1.000 31
1943 01 1943.042  1.374 -1.000 31
1943 02 1943.123  1.987 -1.000 28
1943 03 1943.204  1.764 -1.000 31
1943 04 1943.288  1.770 -1.000 30
1943 05 1943.371  1.351 -1.000 31
1943 06 1943.455  0.899 -1.000 30
1943 07 1943.538  1.002 -1.000 31
1943 08 1943.623  2.119 -1.000 31
1943 09 1943.707  0.724 -1.000 30
1943 10 1943.790  0.709 -1.000 31
1943 11 1943.874  0.929 -1.000 30
1943 12 1943.958  1.282 -1.000 31
1944 01 1944.042  0.374 -1.000 31
1944 02 1944.124  0.048 -1.000 29
1944 03 1944.206  0.903 -1.000 31
1944 04 1944.290  0.005 -1.000 30
1944 05 1944.373  0.157 -1.000 31
1944 06 1944.456  0.613 -1.000 30
1944 07 1944.540  0.497 -1.000 31
1944 08 1944.624  1.789 -1.000 31
1944 09 1944.708  0.995 -1.000 30
1944 10 1944.791  1.846 -1.000 31
1944 11 1944.874  1.183 -1.000 30
1944 12 1944.958  2.556 -1.000 31
1945 01 1945.042  2.221 -1.000 31
1945 02 1945.123  1.303 -1.000 28
1945 03 1945.204  1.815 -1.000 31
1945 04 1945.288  2.589 -1.000 30
1945 05 1945.371  3.234 -1.000 31
1945 06 1945.455  3.551 -1.000 30
1945 07 1945.538  3.698 -1.000 31
1945 08 1945.623  2.476 -1.000 31
1945 09 1945.707  3.147 -1.000 30
1945 10 1945.790  5.816 -1.000 31
1945 11 1945.874  4.956 -1.000 30
1945 12 1945.958  2.732 -1.000 31
1946 01 1946.042  4.342 -1.000 31
1946 02 1946.123  7.592 -1.000 28
1946 03 1946.204  7.021 -1.000 31
1946 04 1946.288  7.245 -1.000 30
1946 05 1946.371  7.175 -1.000 31
1946 06 1946.455  7.080 -1.000 30
1946 07 1946.538  8.130 -1.000 31
1946 08 1946.623  8.525 -1.000 31
1946 09 1946.707  8.504 -1.000 30
1946 10 1946.790  9.964 -1.000 31
1946 11 1946.874 10.523 -1.000 30
1946 12 1946.958  9.049 -1.000 31
1947 01 1947.042  9.895 -1.000 31
1947 02 1947.123 10.351 -1.000 28
1947 03 1947.204 10.611 -1.000 31
1947 04 1947.288 11.448 -1.000 30
1947 05 1947.371 15.148 -1.000 31
1947 06 1947.455 12.678 -1.000 30
1947 07 1947.538 12.457 -1.000 31
1947 08 1947.623 13.368 -1.000 31
1947 09 1947.707 13.050 -1.000 30
1947 10 1947.790 13.143 -1.000 31
1947 11 1947.874 12.216 -1.000 30
1947 12 1947.958 10.086 -1.000 31
1948 01 1948.042 10.547 -1.000 31
1948 02 1948.124  8.343 -1.000 29
1948 03 1948.206  7.949 -1.000 31
1948 04 1948.290 13.953 -1.000 30
1948 05 1948.373 11.862 -1.000 31
1948 06 1948.456 11.562 -1.000 30
1948 07 1948.540 10.524 -1.000 31
1948 08 1948.624 12.481 -1.000 31
1948 09 1948.708 10.410 -1.000 30
1948 10 1948.791 10.466 -1.000 31
1948 11 1948.874  8.639 -1.000 30
1948 12 1948.958 10.433 -1.000 31
1949 01 1949.042  9.847 -1.000 31
1949 02 1949.123 13.102 -1.000 28
1949 03 1949.204 13.482 -1.000 31
1949 04 1949.288 12.301 -1.000 30
1949 05 1949.371  9.633 -1.000 31
1949 06 1949.455  9.656 -1.000 30
1949 07 1949.538  9.872 -1.000 31
1949 08 1949.623  9.032 -1.000 31
1949 09 1949.707 10.713 -1.000 30
1949 10 1949.790  9.820 -1.000 31
1949 11 1949.874 11.263 -1.000 30
1949 12 1949.958 10.204 -1.000 31
1950 01 1950.042  8.239 -1.000 31
1950 02 1950.123  7.314 -1.000 28
1950 03 1950.204  9.282 -1.000 31
1950 04 1950.288  7.362 -1.000 30
1950 05 1950.371  7.678 -1.000 31
1950 06 1950.455  6.250 -1.000 30
1950 07 1950.538  6.292 -1.000 31
1950 08 1950.623  6.508 -1.000 31
1950 09 1950.707  4.405 -1.000 30
1950 10 1950.790  4.581 -1.000 31
1950 11 1950.874  4.215 -1.000 30
1950 12 1950.958  4.005 -1.000 31
1951 01 1951.042  3.915 -1.000 31
1951 02 1951.123  4.388 -1.000 28
1951 03 1951.204  4.350 -1.000 31
1951 04 1951.288  5.612 -1.000 30
1951 05 1951.371  6.775 -1.000 31
1951 06 1951.455  5.369 -1.000 30
1951 07 1951.538  5.155 -1.000 31
1951 08 1951.623  4.378 -1.000 31
1951 09 1951.707  6.183 -1.000 30
1951 10 1951.790  4.081 -1.000 31
1951 11 1951.874  5.098 -1.000 30
1951 12 1951.958  3.103 -1.000 31
1952 01 1952.042  3.216 -1.000 31
1952 02 1952.124  1.801 -1.000 29
1952 03 1952.206  1.842 -1.000 31
1952 04 1952.290  2.274 -1.000 30
1952 05 1952.373  1.986 -1.000 31
1952 06 1952.456  3.445 -1.000 30
1952 07 1952.540  2.883 -1.000 31
1952 08 1952.624  4.391 -1.000 31
1952 09 1952.708  2.417 -1.000 30
1952 10 1952.791  1.732 -1.000 31
1952 11 1952.874  1.371 -1.000 30
1952 12 1952.958  2.558 -1.000 31
1953 01 1953.042  2.301 -1.000 31
1953 02 1953.123  0.405 -1.000 28
1953 03 1953.204  0.895 -1.000 31
1953 04 1953.288  1.984 -1.000 30
1953 05 1953.371  1.035 -1.000 31
1953 06 1953.455  1.690 -1.000 30
1953 07 1953.538  0.544 -1.000 31
1953 08 1953.623  1.982 -1.000 31
1953 09 1953.707  1.983 -1.000 30
1953 10 1953.790  0.638 -1.000 31
1953 11 1953.874  0.159 -1.000 30
1953 12 1953.958  0.196 -1.000 31
1954 01 1954.042  0.000 -1.000 31
1954 02 1954.123  0.046 -1.000 28
1954 03 1954.204  0.504 -1.000 31
1954 04 1954.288  0.233 -1.000 30
1954 05 1954.371  0.035 -1.000 31
1954 06 1954.455  0.000 -1.000 30
1954 07 1954.538  0.516 -1.000 31
1954 08 1954.623  0.757 -1.000 31
1954 09 1954.707  0.067 -1.000 30
1954 10 1954.790  0.821 -1.000 31
1954 11 1954.874  0.926 -1.000 30
1954 12 1954.958  0.657 -1.000 31
1955 01 1955.042  2.094 -1.000 31
1955 02 1955.123  2.006 -1.000 28
1955 03 1955.204  0.519 -1.000 31
1955 04 1955.288  1.229 -1.000 30
1955 05 1955.371  2.232 -1.000 31
1955 06 1955.455  1.899 -1.000 30
1955 07 1955.538  2.765 -1.000 31
1955 08 1955.623  3.115 -1.000 31
1955 09 1955.707  4.486 -1.000 30
1955 10 1955.790  5.206 -1.000 31
1955 11 1955.874  6.614 -1.000 30
1955 12 1955.958  6.092 -1.000 31
1956 01 1956.042  5.694 -1.000 31
1956 02 1956.124  9.234 -1.000 29
1956 03 1956.206 10.064 -1.000 31
1956 04 1956.290 10.093 -1.000 30
1956 05 1956.373  9.791 -1.000 31
1956 06 1956.456  8.733 -1.000 30
1956 07 1956.540  9.648 -1.000 31
1956 08 1956.624 12.826 -1.000 31
1956 09 1956.708 13.702 -1.000 30
1956 10 1956.791 11.064 -1.000 31
1956 11 1956.874 12.033 -1.000 30
1956 12 1956.958 12.955 -1.000 31
1957 01 1957.042 12.065 -1.000 31
1957 02 1957.123 10.673 -1.000 28
1957 03 1957.204 12.082 -1.000 31
1957 04 1957.288 13.248 -1.000 30
1957 05 1957.371 11.584 -1.000 31
1957 06 1957.455 13.100 -1.000 30
1957 07 1957.538 14.027 -1.000 31
1957 08 1957.623 11.744 -1.000 31
1957 09 1957.707 13.627 -1.000 30
1957 10 1957.790 18.427 -1.000 31
1957 11 1957.874 16.590 -1.000 30
1957 12 1957.958 18.169 -1.000 31
1958 01 1958.042 18.249 -1.000 31
1958 02 1958.123 13.510 -1.000 28
1958 03 1958.204 13.030 -1.000 31
1958 04 1958.288 15.595 -1.000 30
1958 05 1958.371 15.336 -1.000 31
1958 06 1958.455 12.940 -1.000 30
1958 07 1958.538 13.871 -1.000 31
1958 08 1958.623 15.075 -1.000 31
1958 09 1958.707 15.604 -1.000 30
1958 10 1958.790 14.422 -1.000 31
1958 11 1958.874 12.180 -1.000 30
1958 12 1958.958 14.647 -1.000 31
1959 01 1959.042 17.643 -1.000 31
1959 02 1959.123 12.033 -1.000 28
1959 03 1959.204 14.463 -1.000 31
1959 04 1959.288 13.296 -1.000 30
1959 05 1959.371 12.063 -1.000 31
1959 06 1959.455 13.262 -1.000 30
1959 07 1959.538 11.795 -1.000 31
1959 08 1959.623 14.169 -1.000 31
1959 09 1959.707 11.623 -1.000 30
1959 10 1959.790  9.779 -1.000 31
1959 11 1959.874  9.201 -1.000 30
1959 12 1959.958  9.751 -1.000 31
1960 01 1960.042 12.165 -1.000 31
1960 02 1960.124  8.348 -1.000 29
1960 03 1960.206  8.239 -1.000 31
1960 04 1960.290  8.234 -1.000 30
1960 05 1960.373  9.115 -1.000 31
1960 06 1960.456  8.754 -1.000 30
1960 07 1960.540  8.757 -1.000 31
1960 08 1960.624  9.145 -1.000 31
1960 09 1960.708 10.759 -1.000 30
1960 10 1960.791  6.405 -1.000 31
1960 11 1960.874  6.188 -1.000 30
1960 12 1960.958  7.527 -1.000 31
1961 01 1961.042  4.060 -1.000 31
1961 02 1961.123  3.885 -1.000 28
1961 03 1961.204  4.908 -1.000 31
1961 04 1961.288  5.231 -1.000 30
1961 05 1961.371  3.768 -1.000 31
1961 06 1961.455  5.473 -1.000 30
1961 07 1961.538  4.921 -1.000 31
1961 08 1961.623  4.349 -1.000 31
1961 09 1961.707  3.657 -1.000 30
1961 10 1961.790  3.306 -1.000 31
1961 11 1961.874  2.884 -1.000 30
1961 12 1961.958  2.900 -1.000 31
1962 01 1962.042  2.299 -1.000 31
1962 02 1962.123  3.137 -1.000 28
1962 03 1962.204  3.022 -1.000 31
1962 04 1962.288  3.177 -1.000 30
1962 05 1962.371  2.985 -1.000 31
1962 06 1962.455  3.374 -1.000 30
1962 07 1962.538  1.659 -1.000 31
1962 08 1962.623  1.404 -1.000 31
1962 09 1962.707  3.607 -1.000 30
1962 10 1962.790  3.029 -1.000 31
1962 11 1962.874  2.077 -1.000 30
1962 12 1962.958  1.976 -1.000 31
1963 01 1963.042  1.875 -1.000 31
1963 02 1963.123  2.043 -1.000 28
1963 03 1963.204  1.431 -1.000 31
1963 04 1963.288  1.961 -1.000 30
1963 05 1963.371  3.065 -1.000 31
1963 06 1963.455  2.685 -1.000 30
1963 07 1963.538  1.598 -1.000 31
1963 08 1963.623  2.464 -1.000 31
1963 09 1963.707  2.416 -1.000 30
1963 10 1963.790  2.349 -1.000 31
1963 11 1963.874  1.882 -1.000 30
1963 12 1963.958  1.002 -1.000 31
1964 01 1964.042  1.466 -1.000 31
1964 02 1964.124  1.419 -1.000 29
1964 03 1964.206  1.295 -1.000 31
1964 04 1964.290  0.702 -1.000 30
1964 05 1964.373  0.777 -1.000 31
1964 06 1964.456  0.762 -1.000 30
1964 07 1964.540  0.295 -1.000 31
1964 08 1964.624  0.781 -1.000 31
1964 09 1964.708  0.422 -1.000 30
1964 10 1964.791  0.476 -1.000 31
1964 11 1964.874  0.512 -1.000 30
1964 12 1964.958  1.513 -1.000 31
1965 01 1965.042  1.722 -1.000 31
1965 02 1965.123  1.681 -1.000 28
1965 03 1965.204  1.148 -1.000 31
1965 04 1965.288  0.681 -1.000 30
1965 05 1965.371  1.699 -1.000 31
1965 06 1965.455  1.155 -1.000 30
1965 07 1965.538  0.832 -1.000 31
1965 08 1965.623  0.645 -1.000 31
1965 09 1965.707  1.347 -1.000 30
1965 10 1965.790  1.372 -1.000 31
1965 11 1965.874  1.236 -1.000 30
1965 12 1965.958  1.339 -1.000 31
1966 01 1966.042  1.813 -1.000 31
1966 02 1966.123  2.026 -1.000 28
1966 03 1966.204  1.379 -1.000 31
1966 04 1966.288  2.799 -1.000 30
1966 05 1966.371  3.029 -1.000 31
1966 06 1966.455  4.190 -1.000 30
1966 07 1966.538  4.988 -1.000 31
1966 08 1966.623  4.441 -1.000 31
1966 09 1966.707  3.258 -1.000 30
1966 10 1966.790  4.923 -1.000 31
1966 11 1966.874  4.932 -1.000 30
1966 12 1966.958  5.729 -1.000 31
1967 01 1967.042  8.457 -1.000 31
1967 02 1967.123  8.413 -1.000 28
1967 03 1967.204  8.565 -1.000 31
1967 04 1967.288  6.583 -1.000 30
1967 05 1967.371  7.487 -1.000 31
1967 06 1967.455  6.043 -1.000 30
1967 07 1967.538  7.677 -1.000 31
1967 08 1967.623  8.121 -1.000 31
1967 09 1967.707  6.998 -1.000 30
1967 10 1967.790  7.871 -1.000 31
1967 11 1967.874  8.184 -1.000 30
1967 12 1967.958 10.740 -1.000 31
1968 01 1968.042  8.511 -1.000 31
1968 02 1968.124  8.475 -1.000 29
1968 03 1968.206  7.813 -1.000 31
1968 04 1968.290  7.150 -1.000 30
1968 05 1968.373 10.913 -1.000 31
1968 06 1968.456  8.967 -1.000 30
1968 07 1968.540  7.247 -1.000 31
1968 08 1968.624  8.439 -1.000 31
1968 09 1968.708  9.722 -1.000 30
1968 10 1968.791  6.975 -1.000 31
1968 11 1968.874  6.297 -1.000 30
1968 12 1968.958  7.130 -1.000 31
1969 01 1969.042  7.382 -1.000 31
1969 02 1969.123  7.979 -1.000 28
1969 03 1969.204  9.825 -1.000 31
1969 04 1969.288  7.859 -1.000 30
1969 05 1969.371  9.425 -1.000 31
1969 06 1969.455  7.972 -1.000 30
1969 07 1969.538  7.873 -1.000 31
1969 08 1969.623  6.648 -1.000 31
1969 09 1969.707  7.484 -1.000 30
1969 10 1969.790  6.911 -1.000 31
1969 11 1969.874  6.984 -1.000 30
1969 12 1969.958  9.574 -1.000 31
1970 01 1970.042  9.318 -1.000 31
1970 02 1970.123 10.525 -1.000 28
1970 03 1970.204  8.809 -1.000 31
1970 04 1970.288  8.806 -1.000 30
1970 05 1970.371 10.765 -1.000 31
1970 06 1970.455  8.580 -1.000 30
1970 07 1970.538  9.507 -1.000 31
1970 08 1970.623  8.350 -1.000 31
1970 09 1970.707  9.789 -1.000 30
1970 10 1970.790  7.696 -1.000 31
1970 11 1970.874  8.632 -1.000 30
1970 12 1970.958  7.811 -1.000 31
1971 01 1971.042  7.331 -1.000 31
1971 02 1971.123  7.018 -1.000 28
1971 03 1971.204  6.271 -1.000 31
1971 04 1971.288  7.553 -1.000 30
1971 05 1971.371  5.137 -1.000 31
1971 06 1971.455  4.967 -1.000 30
1971 07 1971.538  7.291 -1.000 31
1971 08 1971.623  5.540 -1.000 31
1971 09 1971.707  4.314 -1.000 30
1971 10 1971.790  4.508 -1.000 31
1971 11 1971.874  5.892 -1.000 30
1971 12 1971.958  7.826 -1.000 31
1972 01 1972.042  5.581 -1.000 31
1972 02 1972.124  6.961 -1.000 29
1972 03 1972.206  7.211 -1.000 31
1972 04 1972.290  6.215 -1.000 30
1972 05 1972.373  5.247 -1.000 31
1972 06 1972.456  7.214 -1.000 30
1972 07 1972.540  7.656 -1.000 31
1972 08 1972.624  6.701 -1.000 31
1972 09 1972.708  6.480 -1.000 30
1972 10 1972.791  5.615 -1.000 31
1972 11 1972.874  4.013 -1.000 30
1972 12 1972.958  3.627 -1.000 31
1973 01 1973.042  3.495 -1.000 31
1973 02 1973.123  4.441 -1.000 28
1973 03 1973.204  3.618 -1.000 31
1973 04 1973.288  3.983 -1.000 30
1973 05 1973.371  3.169 -1.000 31
1973 06 1973.455  3.751 -1.000 30
1973 07 1973.538  2.004 -1.000 31
1973 08 1973.623  2.679 -1.000 31
1973 09 1973.707  5.498 -1.000 30
1973 10 1973.790  3.062 -1.000 31
1973 11 1973.874  1.952 -1.000 30
1973 12 1973.958  2.020 -1.000 31
1974 01 1974.042  2.815 -1.000 31
1974 02 1974.123  2.351 -1.000 28
1974 03 1974.204  2.035 -1.000 31
1974 04 1974.288  2.706 -1.000 30
1974 05 1974.371  3.210 -1.000 31
1974 06 1974.455  2.579 -1.000 30
1974 07 1974.538  4.126 -1.000 31
1974 08 1974.623  3.674 -1.000 31
1974 09 1974.707  3.641 -1.000 30
1974 10 1974.790  3.511 -1.000 31
1974 11 1974.874  2.134 -1.000 30
1974 12 1974.958  1.662 -1.000 31
1975 01 1975.042  1.844 -1.000 31
1975 02 1975.123  0.854 -1.000 28
1975 03 1975.204  0.840 -1.000 31
1975 04 1975.288  0.401 -1.000 30
1975 05 1975.371  0.712 -1.000 31
1975 06 1975.455  1.024 -1.000 30
1975 07 1975.538  2.796 -1.000 31
1975 08 1975.623  2.372 -1.000 31
1975 09 1975.707  1.499 -1.000 30
1975 10 1975.790  0.887 -1.000 31
1975 11 1975.874  1.491 -1.000 30
1975 12 1975.958  0.691 -1.000 31
1976 01 1976.042  0.719 -1.000 31
1976 02 1976.124  0.405 -1.000 29
1976 03 1976.206  1.481 -1.000 31
1976 04 1976.290  1.857 -1.000 30
1976 05 1976.373  1.275 -1.000 31
1976 06 1976.456  1.157 -1.000 30
1976 07 1976.540  0.232 -1.000 31
1976 08 1976.624  1.583 -1.000 31
1976 09 1976.708  1.389 -1.000 30
1976 10 1976.791  1.977 -1.000 31
1976 11 1976.874  0.495 -1.000 30
1976 12 1976.958  1.403 -1.000 31
